[
    {
        "R": [
            [
                [
                    0.8671208828803018,
                    -0.11456396658744909,
                    0.4847435252382352
                ],
                [
                    -0.45306650407531956,
                    -0.5857686563779154,
                    0.6720161134105964
                ],
                [
                    0.2069587427381925,
                    -0.8023403476541501,
                    -0.559837390387777
                ]
            ],
            [
                [
                    -0.7710306744183378,
                    -0.5630196982102583,
                    0.2975236767304872
                ],
                [
                    -0.6220379073866712,
                    0.5658894522427281,
                    -0.5411448853083095
                ],
                [
                    0.1363097304102893,
                    -0.6023103974933153,
                    -0.7865377686808485
                ]
            ],
            [
                [
                    -0.8396447229346279,
                    0.30683655735541815,
                    -0.44816082183903155
                ],
                [
                    0.5430923846203918,
                    0.4847746674540292,
                    -0.685597701611565
                ],
                [
                    0.0068905752912260185,
                    -0.8190512446849723,
                    -0.5736790050671591
                ]
            ],
            [
                [
                    0.301491482631789,
                    0.5784809332085292,
                    -0.7579331415994779
                ],
                [
                    0.9462546844624855,
                    -0.08393308428723158,
                    0.31234157769194276
                ],
                [
                    0.11706798330405492,
                    -0.8113661554659974,
                    -0.5726953899823928
                ]
            ]
        ],
        "T": [
            [
                [
                    -0.9318356354474175
                ],
                [
                    -2.53825898255809
                ],
                [
                    1.1806285193214563
                ]
            ],
            [
                [
                    -0.5523717293741093
                ],
                [
                    0.9441720208994206
                ],
                [
                    1.3573688797535606
                ]
            ],
            [
                [
                    1.970992599247575
                ],
                [
                    1.8921951646123856
                ],
                [
                    1.3533831881124088
                ]
            ],
            [
                [
                    2.2480366636437443
                ],
                [
                    -0.23449291012262374
                ],
                [
                    1.390612857207992
                ]
            ]
        ],
        "f": [
            [
                [
                    1020.5126342773438,
                    1018.0204467773438
                ]
            ],
            [
                [
                    1015.7720947265625,
                    1013.3258056640625
                ]
            ],
            [
                [
                    1018.4945678710938,
                    1016.58837890625
                ]
            ],
            [
                [
                    1019.278564453125,
                    1017.0634155273438
                ]
            ]
        ],
        "c": [
            [
                [
                    1025.7479248046875,
                    777.2118530273438
                ]
            ],
            [
                [
                    1024.0841064453125,
                    777.6572875976562
                ]
            ],
            [
                [
                    1020.736572265625,
                    781.7255249023438
                ]
            ],
            [
                [
                    1024.2578125,
                    780.3267822265625
                ]
            ]
        ],
        "trials": [
            "210811_animal_trial_01_MON2",
            "210811_animal_trial_01_LAC",
            "210811_animal_trial_01_TIP",
            "210811_animal_trial_01_WAIT",
            "210811_animal_trial_01_PIN2",
            "210811_animal_trial_01_PIN",
            "210811_animal_trial_01_SURG",
            "210811_animal_trial_01_PREP",
            "210811_animal_trial_01_TRS",
            "210811_animal_trial_01_PAO",
            "210811_animal_trial_01_MON",
            "210811_animal_trial_01_POUT",
            "210811_animal_trial_01_SURG2"
        ]
    },
    {
        "R": [
            [
                [
                    0.8828884195106858,
                    -0.06751125636783778,
                    0.46470429458996265
                ],
                [
                    -0.4618162619033691,
                    -0.304070051112907,
                    0.8332268460425803
                ],
                [
                    0.08505047191780658,
                    -0.9502544338168863,
                    -0.2996377600431081
                ]
            ],
            [
                [
                    -0.7117138310068701,
                    -0.6506709870280818,
                    0.264746614392476
                ],
                [
                    -0.6973365488207597,
                    0.6089390562889222,
                    -0.3780410494967965
                ],
                [
                    0.08476579171312061,
                    -0.45367453633717414,
                    -0.8871268943079249
                ]
            ],
            [
                [
                    -0.6379421058024212,
                    0.4370084966610322,
                    -0.6340766914033916
                ],
                [
                    0.7630959384307153,
                    0.24806088428451273,
                    -0.5967831984516301
                ],
                [
                    -0.10350971026637909,
                    -0.8645746001328923,
                    -0.4917279228768579
                ]
            ],
            [
                [
                    0.34778629368592956,
                    0.5748681064097539,
                    -0.7406559971664063
                ],
                [
                    0.9241518794127144,
                    -0.07700071028164955,
                    0.37418463959152876
                ],
                [
                    0.15807578050967683,
                    -0.8146149653722533,
                    -0.5580452198094932
                ]
            ]
        ],
        "T": [
            [
                [
                    -1.5298996461925354
                ],
                [
                    -1.9682180649319454
                ],
                [
                    1.5250118121160419
                ]
            ],
            [
                [
                    -0.9750909730914297
                ],
                [
                    1.459855685865699
                ],
                [
                    1.872673590124679
                ]
            ],
            [
                [
                    1.6807849333091855
                ],
                [
                    2.313236942960592
                ],
                [
                    1.648030515113304
                ]
            ],
            [
                [
                    1.6965777324265114
                ],
                [
                    0.15075217358202422
                ],
                [
                    1.6888095750065117
                ]
            ]
        ],
        "f": [
            [
                [
                    1020.5126342773438,
                    1018.0204467773438
                ]
            ],
            [
                [
                    1018.4945678710938,
                    1016.58837890625
                ]
            ],
            [
                [
                    1015.7720947265625,
                    1013.3258056640625
                ]
            ],
            [
                [
                    1019.278564453125,
                    1017.0634155273438
                ]
            ]
        ],
        "c": [
            [
                [
                    1025.7479248046875,
                    777.2118530273438
                ]
            ],
            [
                [
                    1020.736572265625,
                    781.7255249023438
                ]
            ],
            [
                [
                    1024.0841064453125,
                    777.6572875976562
                ]
            ],
            [
                [
                    1024.2578125,
                    780.3267822265625
                ]
            ]
        ],
        "trials": [
            "210824_animal_trial_02_WAIT2",
            "210824_animal_trial_02_LAC",
            "210824_animal_trial_02_TIP",
            "210824_animal_trial_02_WAIT",
            "210824_animal_trial_02_PIN2",
            "210824_animal_trial_02_PIN",
            "210824_animal_trial_02_PREP",
            "210824_animal_trial_02_PAO",
            "210824_animal_trial_02_MON",
            "210824_animal_trial_02_POUT"
        ]
    },
    {
        "R": [
            [
                [
                    0.8828883793223589,
                    -0.06751128583125801,
                    0.4647043666630931
                ],
                [
                    -0.4618163370604041,
                    -0.3040700693244569,
                    0.8332267977408079
                ],
                [
                    0.08505048100727634,
                    -0.9502544258961655,
                    -0.29963778258244395
                ]
            ],
            [
                [
                    -0.7116466322279942,
                    -0.650843008202088,
                    0.26450430992642815
                ],
                [
                    -0.6973186862290023,
                    0.6085775628715324,
                    -0.3786556106004438
                ],
                [
                    0.08547397081502565,
                    -0.4539127903008398,
                    -0.8869370497010998
                ]
            ],
            [
                [
                    -0.6493256952771461,
                    0.4305620543710011,
                    -0.6268909519889154
                ],
                [
                    0.7553332610894585,
                    0.26909502076436853,
                    -0.5975444206192306
                ],
                [
                    -0.08858672513038139,
                    -0.8615126550414378,
                    -0.4999481836883479
                ]
            ],
            [
                [
                    0.3295305052336342,
                    0.5841483037097973,
                    -0.7417414359427132
                ],
                [
                    0.9286666278175945,
                    -0.0588682676942269,
                    0.3662141062290805
                ],
                [
                    0.17025831897429983,
                    -0.8095092817819318,
                    -0.561877912541069
                ]
            ]
        ],
        "T": [
            [
                [
                    -1.5299001239763825
                ],
                [
                    -1.9682179482664623
                ],
                [
                    1.5250118123038043
                ]
            ],
            [
                [
                    -0.9746421044859139
                ],
                [
                    1.460895850480312
                ],
                [
                    1.8723535125824586
                ]
            ],
            [
                [
                    1.5577392899378992
                ],
                [
                    2.208012622053483
                ],
                [
                    1.6709124366840609
                ]
            ],
            [
                [
                    1.6567490169990693
                ],
                [
                    0.15077077754966817
                ],
                [
                    1.6789424105739958
                ]
            ]
        ],
        "f": [
            [
                [
                    1020.5126342773438,
                    1018.0204467773438
                ]
            ],
            [
                [
                    1018.4945678710938,
                    1016.58837890625
                ]
            ],
            [
                [
                    1015.7720947265625,
                    1013.3258056640625
                ]
            ],
            [
                [
                    1019.278564453125,
                    1017.0634155273438
                ]
            ]
        ],
        "c": [
            [
                [
                    1025.7479248046875,
                    777.2118530273438
                ]
            ],
            [
                [
                    1020.736572265625,
                    781.7255249023438
                ]
            ],
            [
                [
                    1024.0841064453125,
                    777.6572875976562
                ]
            ],
            [
                [
                    1024.2578125,
                    780.3267822265625
                ]
            ]
        ],
        "trials": [
            "210824_animal_trial_02_SURG",
            "210824_animal_trial_02_TRS",
            "210824_animal_trial_02_SURG2"
        ]
    },
    {
        "R": [
            [
                [
                    -0.9471527849078806,
                    0.07391703783555485,
                    -0.31215009415638423
                ],
                [
                    0.3207384632514908,
                    0.23434140056322353,
                    -0.9177204279574795
                ],
                [
                    0.005314515051976573,
                    -0.9693401024452178,
                    -0.24566517955903516
                ]
            ],
            [
                [
                    0.4171428903682098,
                    0.7407106449871997,
                    -0.5266304293183306
                ],
                [
                    0.9087117831139505,
                    -0.33015624345611744,
                    0.25542087680446146
                ],
                [
                    0.015322638728221101,
                    -0.5851022883774109,
                    -0.8108147125883772
                ]
            ],
            [
                [
                    0.7183224398755652,
                    -0.2498900141042374,
                    0.6492824130787311
                ],
                [
                    -0.6956735520922399,
                    -0.26757677349411096,
                    0.666663916755633
                ],
                [
                    0.00714023914808422,
                    -0.9305683848048814,
                    -0.3660482984999621
                ]
            ],
            [
                [
                    -0.0719432734215906,
                    -0.5653797139974355,
                    0.8216872225577161
                ],
                [
                    -0.9950855689890189,
                    -0.015508809610390691,
                    -0.09779642922194814
                ],
                [
                    0.06803550896978487,
                    -0.8246849378908884,
                    -0.5614854269826193
                ]
            ]
        ],
        "T": [
            [
                [
                    1.0582745880394235
                ],
                [
                    3.038506265892085
                ],
                [
                    1.51800320886249
                ]
            ],
            [
                [
                    0.8579642412780556
                ],
                [
                    -0.2937503306646708
                ],
                [
                    1.671369315451326
                ]
            ],
            [
                [
                    -1.9752353043397253
                ],
                [
                    -1.3894717110719115
                ],
                [
                    1.7206485732808945
                ]
            ],
            [
                [
                    -1.906859760190908
                ],
                [
                    0.5788019540626622
                ],
                [
                    1.6670240487742154
                ]
            ]
        ],
        "f": [
            [
                [
                    1020.5126342773438,
                    1018.0204467773438
                ]
            ],
            [
                [
                    1018.4945678710938,
                    1016.58837890625
                ]
            ],
            [
                [
                    1015.7720947265625,
                    1013.3258056640625
                ]
            ],
            [
                [
                    1019.278564453125,
                    1017.0634155273438
                ]
            ]
        ],
        "c": [
            [
                [
                    1025.7479248046875,
                    777.2118530273438
                ]
            ],
            [
                [
                    1020.736572265625,
                    781.7255249023438
                ]
            ],
            [
                [
                    1024.0841064453125,
                    777.6572875976562
                ]
            ],
            [
                [
                    1024.2578125,
                    780.3267822265625
                ]
            ]
        ],
        "trials": [
            "210914_animal_trial_03_TIP2",
            "210914_animal_trial_03_WAIT2",
            "210914_animal_trial_03_LAC",
            "210914_animal_trial_03_TIP",
            "210914_animal_trial_03_WAIT",
            "210914_animal_trial_03_TRS2",
            "210914_animal_trial_03_PIN2",
            "210914_animal_trial_03_SURG",
            "210914_animal_trial_03_PREP",
            "210914_animal_trial_03_TRS",
            "210914_animal_trial_03_MON",
            "210914_animal_trial_03_POUT"
        ]
    },
    {
        "R": [
            [
                [
                    -0.33860036373587893,
                    -0.39051927866780933,
                    0.8560632701378468
                ],
                [
                    -0.9379390217142008,
                    0.0675976060677181,
                    -0.34014814954284933
                ],
                [
                    0.07496658630121639,
                    -0.9181095312387887,
                    -0.38917188940562336
                ]
            ],
            [
                [
                    -0.8765080835123905,
                    0.37253703932269316,
                    -0.3048767053283682
                ],
                [
                    0.4647196702745046,
                    0.8200399687853918,
                    -0.33402119564087646
                ],
                [
                    0.12557582016402613,
                    -0.4344544814845712,
                    -0.8918968364962963
                ]
            ],
            [
                [
                    0.738441083447787,
                    0.3221142946351467,
                    -0.5924077561210157
                ],
                [
                    0.6725823027059199,
                    -0.41482827127246485,
                    0.6128216362063149
                ],
                [
                    -0.04834887886779156,
                    -0.8509757659332613,
                    -0.5229746450422785
                ]
            ],
            [
                [
                    0.9969900271142416,
                    -0.07603352201618996,
                    0.015157314708227482
                ],
                [
                    -0.05003989467500761,
                    -0.4817398770089071,
                    0.8748843581346888
                ],
                [
                    -0.05921865801627597,
                    -0.8730094990254735,
                    -0.48409455037122706
                ]
            ]
        ],
        "T": [
            [
                [
                    -2.639056831767008
                ],
                [
                    1.3649550488952071
                ],
                [
                    1.4042919294639966
                ]
            ],
            [
                [
                    0.6696074448297176
                ],
                [
                    0.8769382260697595
                ],
                [
                    1.6832491047606863
                ]
            ],
            [
                [
                    1.562763656057574
                ],
                [
                    -1.8616360336422386
                ],
                [
                    1.651099915920879
                ]
            ],
            [
                [
                    -0.11922112194692716
                ],
                [
                    -1.9075714288691572
                ],
                [
                    1.598523747549078
                ]
            ]
        ],
        "f": [
            [
                [
                    1020.5126342773438,
                    1018.0204467773438
                ]
            ],
            [
                [
                    1018.4945678710938,
                    1016.58837890625
                ]
            ],
            [
                [
                    1015.7720947265625,
                    1013.3258056640625
                ]
            ],
            [
                [
                    1019.278564453125,
                    1017.0634155273438
                ]
            ]
        ],
        "c": [
            [
                [
                    1025.7479248046875,
                    777.2118530273438
                ]
            ],
            [
                [
                    1020.736572265625,
                    781.7255249023438
                ]
            ],
            [
                [
                    1024.0841064453125,
                    777.6572875976562
                ]
            ],
            [
                [
                    1024.2578125,
                    780.3267822265625
                ]
            ]
        ],
        "trials": [
            "210928_animal_trial_04_TIP2",
            "210928_animal_trial_04_TIP",
            "210928_animal_trial_04_WAIT",
            "210928_animal_trial_04_PIN2",
            "210928_animal_trial_04_PIN",
            "210928_animal_trial_04_PREP",
            "210928_animal_trial_04_POUT"
        ]
    },
    {
        "R": [
            [
                [
                    0.8787597093237477,
                    0.26028418193344754,
                    -0.4000416601709225
                ],
                [
                    0.4687655834679473,
                    -0.31323616233066615,
                    0.8259187409896123
                ],
                [
                    0.08966607420377262,
                    -0.9133099725462398,
                    -0.39727163129261744
                ]
            ],
            [
                [
                    0.3074242655866408,
                    -0.8240723777797705,
                    0.47580994788447545
                ],
                [
                    -0.9343399244996001,
                    -0.35614124794978497,
                    -0.013130016230165228
                ],
                [
                    0.18027563736420874,
                    -0.4405317471466231,
                    -0.8794500711861419
                ]
            ],
            [
                [
                    -0.9983040109200721,
                    0.052372037066307296,
                    0.025417976567771852
                ],
                [
                    0.005622512816355758,
                    0.5213293094864249,
                    -0.853336946764605
                ],
                [
                    -0.05794213367695197,
                    -0.8517469039948624,
                    -0.5207396359272843
                ]
            ],
            [
                [
                    -0.6841707843517579,
                    0.39136826762446386,
                    -0.6154195041454236
                ],
                [
                    0.728117590321911,
                    0.31806240464855756,
                    -0.6071910974182435
                ],
                [
                    -0.04189352199212691,
                    -0.8635202237384222,
                    -0.5025711125109174
                ]
            ]
        ],
        "T": [
            [
                [
                    0.4165610804836384
                ],
                [
                    -2.376770845643869
                ],
                [
                    1.2235786206908215
                ]
            ],
            [
                [
                    -1.7232587223167897
                ],
                [
                    0.20404747119184355
                ],
                [
                    1.4925923286970733
                ]
            ],
            [
                [
                    -0.5297704408332303
                ],
                [
                    2.8480807857588775
                ],
                [
                    1.466640900027047
                ]
            ],
            [
                [
                    0.7826893999515406
                ],
                [
                    1.6595731563538443
                ],
                [
                    1.4510086373736424
                ]
            ]
        ],
        "f": [
            [
                [
                    1020.5126342773438,
                    1018.0204467773438
                ]
            ],
            [
                [
                    1018.4945678710938,
                    1016.58837890625
                ]
            ],
            [
                [
                    1015.7720947265625,
                    1013.3258056640625
                ]
            ],
            [
                [
                    1019.278564453125,
                    1017.0634155273438
                ]
            ]
        ],
        "c": [
            [
                [
                    1025.7479248046875,
                    777.2118530273438
                ]
            ],
            [
                [
                    1020.736572265625,
                    781.7255249023438
                ]
            ],
            [
                [
                    1024.0841064453125,
                    777.6572875976562
                ]
            ],
            [
                [
                    1024.2578125,
                    780.3267822265625
                ]
            ]
        ],
        "trials": [
            "210928_animal_trial_04_LAC",
            "210928_animal_trial_04_SURG",
            "210928_animal_trial_04_TRS",
            "210928_animal_trial_04_MON"
        ]
    },
    {
        "R": [
            [
                [
                    -0.31203934804147004,
                    0.311063660596869,
                    -0.8977030028872665
                ],
                [
                    0.9484193057282407,
                    0.15764723322614385,
                    -0.27504177466216734
                ],
                [
                    0.05596489644174619,
                    -0.9372228142875303,
                    -0.3442109620827634
                ]
            ],
            [
                [
                    0.9989375944902523,
                    0.005725723479867222,
                    -0.04572720318405209
                ],
                [
                    0.03308696012912312,
                    -0.7797931569755208,
                    0.6251623252756879
                ],
                [
                    -0.032078254252959765,
                    -0.6260111348687616,
                    -0.7791540422061618
                ]
            ],
            [
                [
                    -0.1836562889329949,
                    -0.6083163265016559,
                    0.7721537599072053
                ],
                [
                    -0.9816420739361077,
                    0.15462730929089485,
                    -0.11166484295910441
                ],
                [
                    -0.051468514047805766,
                    -0.778486679265541,
                    -0.6255472169070081
                ]
            ],
            [
                [
                    -0.9694246208881304,
                    -0.2353325387076918,
                    0.06953026371352233
                ],
                [
                    -0.1878512619967874,
                    0.5293962086715448,
                    -0.8273158421768356
                ],
                [
                    0.15788528260642218,
                    -0.8150817391090529,
                    -0.5574172204984271
                ]
            ]
        ],
        "T": [
            [
                [
                    3.2098804354493415
                ],
                [
                    -0.2947178974730858
                ],
                [
                    1.2768716724759874
                ]
            ],
            [
                [
                    0.08151977457714332
                ],
                [
                    -1.8299794262338234
                ],
                [
                    1.3225088596844319
                ]
            ],
            [
                [
                    -2.190983707283204
                ],
                [
                    -0.1896626021088571
                ],
                [
                    1.4626625422488289
                ]
            ],
            [
                [
                    -0.5849932947093244
                ],
                [
                    1.286247306438294
                ],
                [
                    1.406760361295453
                ]
            ]
        ],
        "f": [
            [
                [
                    1020.5126342773438,
                    1018.0204467773438
                ]
            ],
            [
                [
                    1018.4945678710938,
                    1016.58837890625
                ]
            ],
            [
                [
                    1015.7720947265625,
                    1013.3258056640625
                ]
            ],
            [
                [
                    1019.278564453125,
                    1017.0634155273438
                ]
            ]
        ],
        "c": [
            [
                [
                    1025.7479248046875,
                    777.2118530273438
                ]
            ],
            [
                [
                    1020.736572265625,
                    781.7255249023438
                ]
            ],
            [
                [
                    1024.0841064453125,
                    777.6572875976562
                ]
            ],
            [
                [
                    1024.2578125,
                    780.3267822265625
                ]
            ]
        ],
        "trials": [
            "211012_animal_trial_05_TIP2",
            "211012_animal_trial_05_LAC",
            "211012_animal_trial_05_TIP",
            "211012_animal_trial_05_WAIT",
            "211012_animal_trial_05_PIN2",
            "211012_animal_trial_05_PIN",
            "211012_animal_trial_05_SURG",
            "211012_animal_trial_05_PREP",
            "211012_animal_trial_05_TRS",
            "211012_animal_trial_05_MON",
            "211012_animal_trial_05_POUT"
        ]
    },
    {
        "R": [
            [
                [
                    -0.944156500686518,
                    -0.14117279747216716,
                    0.29772227195899353
                ],
                [
                    -0.32569458636677734,
                    0.2629797051043298,
                    -0.908165485103488
                ],
                [
                    0.04991334952377272,
                    -0.954416979451824,
                    -0.29427325068105126
                ]
            ],
            [
                [
                    0.1456754221539001,
                    0.8725995600789404,
                    -0.4662067687890762
                ],
                [
                    0.9755086229345755,
                    -0.04819112002274353,
                    0.21461736931339873
                ],
                [
                    0.16480800033082857,
                    -0.4860532031124622,
                    -0.8582485450413457
                ]
            ],
            [
                [
                    0.9813329583838186,
                    -0.11818735647098487,
                    0.1517141255913734
                ],
                [
                    -0.1895690755847141,
                    -0.46160613155092856,
                    0.8665928381555933
                ],
                [
                    -0.03238814746370743,
                    -0.8791765441285885,
                    -0.47539400882373084
                ]
            ],
            [
                [
                    0.46742543147819804,
                    -0.5198417449627495,
                    0.7150370454495597
                ],
                [
                    -0.883899306966222,
                    -0.2607822059278921,
                    0.3882197950353104
                ],
                [
                    -0.015343918457932794,
                    -0.8134845986402678,
                    -0.581383980149554
                ]
            ]
        ],
        "T": [
            [
                [
                    -0.526393085592032
                ],
                [
                    2.718515423292095
                ],
                [
                    1.354156169527866
                ]
            ],
            [
                [
                    1.1896390974483761
                ],
                [
                    -0.3115447493380473
                ],
                [
                    1.6610901378851977
                ]
            ],
            [
                [
                    -0.5362944570658619
                ],
                [
                    -2.599791160094284
                ],
                [
                    1.580299455393436
                ]
            ],
            [
                [
                    -1.8628065217750747
                ],
                [
                    -1.2461900492120455
                ],
                [
                    1.5147697035782455
                ]
            ]
        ],
        "f": [
            [
                [
                    1020.5126342773438,
                    1018.0204467773438
                ]
            ],
            [
                [
                    1018.4945678710938,
                    1016.58837890625
                ]
            ],
            [
                [
                    1015.7720947265625,
                    1013.3258056640625
                ]
            ],
            [
                [
                    1019.278564453125,
                    1017.0634155273438
                ]
            ]
        ],
        "c": [
            [
                [
                    1025.7479248046875,
                    777.2118530273438
                ]
            ],
            [
                [
                    1020.736572265625,
                    781.7255249023438
                ]
            ],
            [
                [
                    1024.0841064453125,
                    777.6572875976562
                ]
            ],
            [
                [
                    1024.2578125,
                    780.3267822265625
                ]
            ]
        ],
        "trials": [
            "211019_animal_trial_06_TIP2",
            "211019_animal_trial_06_TIP",
            "211019_animal_trial_06_WAIT",
            "211019_animal_trial_06_PIN2",
            "211019_animal_trial_06_PIN",
            "211019_animal_trial_06_SURG",
            "211019_animal_trial_06_PREP",
            "211019_animal_trial_06_TRS",
            "211019_animal_trial_06_MON",
            "211019_animal_trial_06_POUT"
        ]
    },
    {
        "R": [
            [
                [
                    -0.676886614220474,
                    0.17919099079377135,
                    -0.7139432222444979
                ],
                [
                    0.7242945520892146,
                    0.33505875882046143,
                    -0.6026050537478403
                ],
                [
                    0.13123154019117025,
                    -0.9250005792781214,
                    -0.35658388946891295
                ]
            ],
            [
                [
                    0.9952627185936295,
                    0.09704888761878061,
                    0.005806328067414029
                ],
                [
                    0.08396145401001537,
                    -0.888086796723853,
                    0.45194290578907353
                ],
                [
                    0.04901708100874371,
                    -0.4493144193675677,
                    -0.8920279300574865
                ]
            ],
            [
                [
                    0.42053573392766574,
                    -0.5076878024234764,
                    0.7519325768685982
                ],
                [
                    -0.9053080100736075,
                    -0.18025394329365615,
                    0.384611133446945
                ],
                [
                    -0.05972357249022904,
                    -0.8424734291705637,
                    -0.535417092129514
                ]
            ],
            [
                [
                    -0.4647524829205356,
                    -0.48016914728430704,
                    0.743937273531334
                ],
                [
                    -0.8826922573115534,
                    0.18510297554533386,
                    -0.4319620554025644
                ],
                [
                    0.06970984997131015,
                    -0.8574231565568875,
                    -0.5098686436134194
                ]
            ]
        ],
        "T": [
            [
                [
                    2.2195145252047346
                ],
                [
                    2.1981259716549215
                ],
                [
                    1.443743310488231
                ]
            ],
            [
                [
                    0.6820183204415196
                ],
                [
